F:
A: 24
d: 24
e: 24
h: 24
m: 24

P:
A: 0.0 - 0.2
d: 0.2 - 0.4
e: 0.4 - 0.6000000000000001
h: 0.6000000000000001 - 0.8
m: 0.8 - 1.0

D:0.15556978233034935
D:0.15556978233034935
D:0.15556978233034935
D:0.15556978233034935
D:0.15556978233034935
D:0.15556978233034935